362329199708072813
429005199906066719
320831199810264416
35050219980731351X
130181199606185411
360121199807021436
330683199708170824
440509199808014040
440513199810244579
421003200005051013
513722199407055872
511023199606301518
520103199811274417
320723199801185016
310110200002140515
230221199103184436
331003199903053670
150404199704272014
230921198908021515
362324199811253311
140122199301120117
140431199502227618
14051119970510233x
360726200007074310
320481199708056022
342201199711042839
420702199703256839
421221199608050018
422202199805106115
513021199512137453
511321199406061031
350301199812111819
320923199802282414
362329199406055719
320623199712063177
110104199204070420
360429200004040038
110226199806241614
110106199903184219
320602199812095916
430124199209139570
362502199704200815
352229199412243532
420621199601101856
450602199809270516
42900419990706193X
331023199806106617
410328199712281016
352203199101013779
110224199610200527
350322199706175175 
420704199901310595
420117199908277512
140581199606246839
140821199904210033
320722199105166616
 330184199907030014
330184199909042617
32072419960208151X
610125199408171311
43080219980908071x
500103199810111217
350125199703170019
330781199608071119
413026199804256639
360681199707304213
341204199907180019
320721199901291016
41150319981121143X
331023199406075516
110229199010281310
231004199810312218
34080319910911213X 
32072119960805103X
41152820010926717X
522427199812022237
321323199709173038
420104199902010030
330722199711117920
430624199610090037
320325199809257513
330501199812309419
330523199802221817
510183199801074112
610326199509250411
150123199202150175
350322199406293831
220722199207150814
362523199509010014
440782199608210096
232330198504273818
230227199803260119
362228199803090612
230105199407110510
513021199409035854
152103199111213923
500110199803180816
341224198607084712
330501199606129214
320211199804190010
331003199112200013
511781200003103958
362430199903300018
36230219990109001x
362531199711181212
431002199611260018
152801199904281219
340824199910276617
420222199809197230
330481199908092038
511523199601195936
411425200207146457
412725199803148637
371523199805310012
412727199812020056
230321199808181214
130429199708253412
420602199902060518
320583199904078518
342921199601053311